1	1	48
2	1	48
3	1	49
4	1	49
5	1	49
6	1	56
7	1	56
8	1	62
9	1	62
10	1	64
11	1	65
12	1	65
13	1	65
14	17	65
15	17	65
16	36	65
17	36	66
18	65	88
19	66	88
20	90	104
21	90	104
22	90	104
23	90	105
24	90	105
25	90	105
26	105	133
27	116	174
28	127	180
29	135	186
30	145	188
31	148	189
32	152	189
33	178	209
34	182	213
35	182	213
36	183	213
37	183	213
38	190	213
39	190	213
40	217	244
41	217	248
42	217	254
43	217	255
44	224	267
45	237	268
46	253	268
47	269	285
48	282	299
49	283	299
50	284	299
51	284	299
52	288	315
53	288	315
54	288	315
55	288	315
56	293	318
57	316	369
58	317	377
59	317	377
60	320	382
61	320	382
62	320	385
63	320	385
64	322	404
65	324	406
66	361	412
67	362	412
68	362	412
69	362	412
70	370	426
71	378	432
72	383	443
73	407	453
74	409	464
75	409	464
76	409	464
77	412	476
78	412	479
79	427	498
80	435	507
81	435	507
82	435	507
83	435	511
84	437	511
85	453	513
86	453	513
87	453	513
88	454	514
89	460	514
90	465	514
91	477	514
92	481	515
93	493	515
94	516	571
95	516	571
96	516	571
97	516	599
98	516	600
99	552	614
100	552	615
101	552	617
102	570	617
103	579	618
104	601	618
105	619	633
106	626	646
107	626	646
108	626	646
109	626	646
110	647	675
111	647	677
112	647	677
113	647	679
114	654	697
115	672	702
116	678	711
117	680	719
118	688	724
119	688	724
120	698	746
121	703	749
122	725	771
123	730	774
124	741	776
125	750	781
126	776	805
127	781	805
128	781	805
129	781	805
130	785	819
131	785	819
132	793	819
133	793	821
134	794	821
135	804	824
136	816	824
137	828	848
138	828	854
139	828	855
140	828	868
141	841	878
142	845	879
143	847	880
144	848	880
145	848	880
146	866	894
147	869	895
148	870	895
149	870	896
150	879	900
151	881	900
152	881	900
153	886	900
154	901	902
155	903	933
156	934	937
157	938	943
158	944	957
159	944	957
160	944	957
161	958	977
162	958	977
163	958	977
164	969	978
165	969	978
166	976	978
167	986	994
168	999	1027
169	1007	1028
170	1013	1030
171	1027	1039
172	1029	1040
173	1029	1040
174	1041	1052
175	1041	1057
176	1041	1058
177	1041	1058
178	1043	1058
179	1043	1058
180	1059	1068
181	1059	1083
182	1060	1086
183	1061	1091
184	1062	1092
185	1062	1092
186	1069	1111
187	1071	1111
188	1087	1114
189	1120	1120
190	1120	1122
191	1123	1127
192	1123	1127
193	1123	1137
194	1126	1148
195	1152	1166
196	1154	1181
197	1154	1185
198	1155	1191
199	1155	1193
200	1155	1193
201	1157	1194
202	1157	1195
203	1159	1196
204	1161	1199
205	1161	1199
206	1161	1199
207	1189	1228
208	1189	1228
209	1189	1228
210	1197	1235
211	1212	1240
212	1226	1240
213	1229	1244
214	1229	1244
215	1236	1250
216	1241	1250
217	1241	1252
218	1251	1268
219	1253	1271
220	1255	1272
221	1255	1272
222	1257	1272
223	1267	1274
224	1273	1296
225	1273	1296
226	1298	1310
227	1298	1310
228	1298	1310
229	1298	1311
230	1298	1311
231	1320	1354
232	1321	1359
233	1321	1359
234	1321	1359
235	1321	1365
236	1321	1370
237	1326	1371
238	1326	1372
239	1333	1373
240	1335	1373
241	1336	1373
242	1344	1373
243	1346	1373
244	1352	1374
245	1374	1418
246	1374	1418
247	1374	1418
248	1374	1440
249	1375	1441
250	1375	1454
251	1375	1454
252	1376	1465
253	1381	1465
254	1385	1465
255	1397	1469
256	1398	1470
257	1399	1472
258	1400	1475
259	1400	1475
260	1400	1482
261	1416	1505
262	1419	1514
263	1432	1521
264	1448	1521
265	1453	1522
266	1463	1523
267	1466	1523
268	1466	1524
269	1467	1533
270	1535	1547
271	1535	1548
272	1536	1574
273	1542	1586
274	1542	1592
275	1544	1610
276	1549	1610
277	1549	1610
278	1549	1611
279	1550	1611
280	1550	1611
281	1551	1611
282	1568	1612
283	1594	1613
284	1614	1624
285	1614	1624
286	1614	1624
287	1614	1628
288	1624	1654
289	1652	1677
290	1659	1678
291	1659	1678
292	1670	1679
293	1678	1683
294	1679	1700
295	1684	1703
296	1690	1703
297	1704	1713
298	1715	1727
299	1720	1735
300	1722	1755
301	1728	1758
302	1728	1759
303	1728	1764
304	1759	1775
305	1766	1789
306	1783	1801
307	1788	1801
308	1788	1801
309	1800	1805
310	1806	1814
311	1806	1814
312	1815	1830
313	1816	1832
314	1816	1833
315	1834	1864
316	1834	1864
317	1843	1876
318	1857	1877
319	1857	1880
320	1857	1880
321	1857	1881
322	1859	1882
323	1859	1882
324	1859	1882
325	1865	1906
326	1865	1906
327	1865	1906
328	1865	1906
329	1883	1920
330	1898	1928
331	1907	1934
332	1907	1934
333	1918	1937
334	1918	1946
335	1933	1971
336	1934	1971
337	1935	1977
338	1935	1977
339	1938	1980
340	1981	1990
341	1981	1990
342	1981	1990
343	1981	1990
344	1990	2013
345	1991	2025
346	1996	2025
347	2004	2025
348	2005	2025
349	2026	2033
350	2030	2034
351	2046	2058
352	2054	2073
353	2059	2074
354	2060	2074
355	2075	2087
356	2081	2098
357	2088	2146
358	2088	2147
359	2094	2158
360	2137	2180
361	2157	2192
362	2179	2201
363	2195	2208
364	2202	2208
365	2202	2208
366	2209	2218
367	2209	2218
368	2209	2229
369	2213	2266
370	2213	2267
371	2213	2267
372	2213	2267
373	2220	2284
374	2220	2284
375	2220	2284
376	2222	2287
377	2241	2288
378	2264	2288
379	2266	2288
380	2267	2288
381	2268	2288
382	2268	2288
383	2307	2328
384	2315	2329
385	2329	2342
386	2329	2342
387	2330	2342
388	2330	2342
389	2347	2365
390	2353	2365
391	2386	2416
392	2387	2416
393	2388	2417
394	2388	2432
395	2417	2441
396	2442	2473
397	2442	2473
398	2444	2490
399	2444	2490
400	2449	2491
401	2476	2523
402	2483	2523
403	2516	2542
404	2522	2542
405	2543	2553
406	2543	2556
407	2546	2556
408	2557	2559
409	2557	2559
410	2594	2604
411	2605	2621
412	2605	2621
413	2605	2621
414	2605	2621
415	2605	2621
416	2605	2621
417	2630	2652
418	2632	2654
419	2632	2654
420	2650	2661
421	2662	2677
422	2662	2677
423	2662	2677
424	2678	2681
425	2684	2704
426	2684	2704
427	2684	2704
428	2704	2722
429	2704	2722
430	2705	2722
431	2707	2723
432	2725	2738
433	2725	2738
434	2735	2758
435	2739	2759
436	2761	2762
437	2761	2762
438	2768	2794
439	2768	2802
440	2779	2802
441	2805	2844
442	2805	2845
443	2816	2849
444	2821	2856
445	2838	2868
446	2841	2868
447	2845	2872
448	2845	2872
449	2846	2872
450	2846	2883
451	2869	2915
452	2869	2916
453	2869	2916
454	2892	2931
455	2892	2931
456	2910	2933
457	2910	2933
458	2910	2934
459	2910	2934
460	2910	2938
461	2910	2939
462	2916	2942
463	2932	2962
464	2963	2980
465	2978	3009
466	2978	3009
467	2978	3009
468	2979	3009
469	3007	3020
470	3007	3020
471	3007	3020
472	3021	3029
473	3035	3081
474	3049	3107
475	3060	3109
476	3067	3120
477	3082	3126
478	3082	3127
479	3106	3128
480	3108	3128
481	3108	3128
482	3110	3128
483	3134	3146
484	3139	3147
485	3139	3147
486	3140	3147
487	3140	3149
488	3147	3151
489	3152	3187
490	3152	3190
491	3152	3190
492	3152	3190
493	3152	3191
494	3165	3211
495	3165	3211
496	3165	3217
497	3182	3221
498	3186	3221
499	3188	3221
500	3222	3239
501	3222	3239
502	3222	3243
503	3222	3254
504	3223	3254
505	3226	3254
506	3230	3265
507	3231	3266
508	3231	3266
509	3233	3266
510	3233	3266
511	3240	3285
512	3240	3292
513	3250	3295
514	3256	3302
515	3258	3305
516	3263	3320
517	3266	3323
518	3275	3329
519	3284	3329
520	3284	3329
521	3284	3329
522	3295	3330
523	3297	3330
524	3338	3365
525	3338	3365
526	3338	3365
527	3338	3365
528	3366	3368
529	3369	3394
530	3370	3394
531	3395	3399
532	3395	3399
533	3397	3410
534	3399	3418
535	3400	3419
536	3400	3419
537	3400	3419
538	3400	3419
539	3400	3419
540	3400	3419
541	3419	3419
542	3421	3454
543	3438	3484
544	3439	3484
545	3481	3490
546	3495	3502
547	3508	3542
548	3514	3542
549	3514	3542
550	3543	3589
551	3543	3589
552	3543	3589
553	3543	3594
554	3543	3594
555	3543	3595
556	3543	3595
557	3543	3595
558	3543	3595
559	3543	3595
560	3543	3595
561	3543	3595
562	3575	3608
563	3586	3608
564	3600	3622
565	3609	3625
566	3618	3625
567	3626	3639
568	3626	3639
569	3626	3641
570	3626	3641
571	3626	3645
572	3628	3647
573	3640	3654
574	3642	3662
575	3642	3663
576	3648	3678
577	3652	3684
578	3654	3705
579	3667	3715
580	3668	3716
581	3685	3722
582	3707	3728
583	3715	3732
584	3735	3751
585	3752	3765
586	3752	3767
587	3752	3767
588	3752	3767
589	3762	3779
590	3766	3780
591	3768	3783
592	3780	3784
593	3785	3792
594	3785	3792
595	3785	3792
596	3785	3792
597	3785	3792
598	3785	3792
599	3785	3792
600	3793	3796
601	3798	3811
602	3798	3824
603	3799	3841
604	3803	3855
605	3845	3875
606	3845	3875
607	3856	3876
608	3872	3876
609	3892	3910
610	3893	3910
611	3897	3916
612	3898	3916
613	3898	3923
614	3902	3926
615	3906	3940
616	3907	3940
617	3941	3953
618	3941	3953
619	3941	3953
620	3941	3953
621	3941	3953
622	3941	3953
623	3941	3954
624	3951	3963
625	3954	3965
626	3963	3998
627	3963	3999
628	3966	4006
629	3966	4006
630	3966	4010
631	3966	4011
632	3970	4032
633	3970	4034
634	3997	4034
635	4001	4034
636	4001	4034
637	4001	4036
638	4001	4040
639	4001	4040
640	4002	4040
641	4003	4040
642	4003	4041
643	4003	4041
644	4005	4042
645	4021	4070
646	4029	4070
647	4035	4089
648	4035	4089
649	4035	4102
650	4035	4105
651	4035	4107
652	4035	4107
653	4035	4107
654	4035	4107
655	4035	4107
656	4035	4107
657	4035	4107
658	4035	4108
659	4035	4110
660	4035	4110
661	4042	4151
662	4042	4152
663	4042	4152
664	4045	4165
665	4049	4167
666	4049	4169
667	4049	4171
668	4070	4185
669	4070	4185
670	4071	4187
671	4071	4187
672	4071	4189
673	4071	4189
674	4071	4189
675	4071	4189
676	4077	4195
677	4082	4195
678	4090	4196
679	4096	4200
680	4108	4206
681	4112	4215
682	4112	4219
683	4131	4236
684	4145	4247
685	4152	4251
686	4155	4251
687	4186	4265
688	4188	4265
689	4188	4265
690	4188	4265
691	4190	4265
692	4190	4265
693	4190	4265
694	4211	4274
695	4252	4281
696	4266	4288
697	4266	4288
698	4275	4290
699	4278	4290
700	4286	4304
701	4289	4318
702	4291	4337
703	4291	4340
704	4291	4340
705	4302	4345
706	4305	4349
707	4307	4350
708	4339	4363
709	4344	4368
710	4346	4377
711	4348	4379
712	4348	4379
713	4351	4382
714	4356	4386
715	4379	4396
716	4381	4402
717	4384	4402
718	4384	4402
719	4403	4410
720	4403	4410
721	4412	4425
722	4412	4425
723	4412	4427
724	4412	4427
725	4428	4436
726	4437	4437
727	4438	4452
728	4445	4470
729	4445	4470
730	4462	4482
731	4470	4482
732	4485	4492
733	4485	4492
734	4497	4497
735	4499	4505
736	4499	4506
737	4499	4506
738	4499	4506
739	4500	4506
740	4501	4506
741	4507	4523
742	4507	4539
743	4521	4549
744	4523	4550
745	4524	4550
746	4524	4550
747	4527	4550
748	4551	4555
749	4554	4557
750	4559	4574
751	4560	4617
752	4575	4651
753	4575	4657
754	4596	4657
755	4596	4657
756	4596	4658
757	4651	4670
758	4663	4680
759	4663	4680
760	4663	4680
761	4681	4701
762	4688	4710
763	4702	4731
764	4702	4731
765	4702	4731
766	4706	4741
767	4706	4741
768	4729	4742
769	4769	4774
770	4771	4774
771	4778	4785
772	4786	4810
773	4786	4818
774	4821	4838
775	4825	4838
776	4838	4869
777	4838	4869
778	4838	4869
779	4870	4946
780	4870	4946
781	4870	4946
782	4870	4946
783	4870	4946
784	4870	4946
785	4870	4946
786	4870	4946
787	4870	4946
788	4870	4946
789	4870	4946
790	4870	4946
791	4870	4946
792	4870	4946
793	4870	4946
794	4870	4946
795	4870	4946
796	4870	4946
797	4870	4946
798	4870	4946
799	4873	4951
800	4887	4951
801	4945	4959
802	4945	4960
803	4947	4982
804	4958	4985
805	4988	5046
806	4988	5046
807	4988	5046
808	4993	5046
809	4993	5046
810	5047	5067
811	5047	5070
812	5062	5076
813	5062	5076
814	5062	5078
815	5066	5078
816	5080	5090
817	5091	5117
818	5091	5117
819	5091	5117
820	5091	5117
821	5118	5149
822	5152	5163
823	5159	5175
824	5163	5187
825	5163	5187
826	5191	5194
827	5191	5206
828	5193	5206
829	5207	5211
830	5215	5238
831	5227	5263
832	5237	5276
833	5237	5277
834	5237	5291
835	5239	5299
836	5261	5302
837	5262	5304
838	5263	5305
839	5263	5305
840	5263	5306
841	5263	5307
842	5265	5308
843	5265	5309
844	5268	5309
845	5276	5309
846	5276	5309
847	5290	5314
848	5292	5314
849	5293	5314
850	5296	5318
851	5303	5329
852	5307	5343
853	5309	5343
854	5315	5347
855	5338	5377
856	5344	5378
857	5344	5381
858	5344	5382
859	5344	5382
860	5344	5384
861	5344	5385
862	5344	5387
863	5344	5387
864	5344	5387
865	5344	5387
866	5344	5387
867	5354	5389
868	5357	5389
869	5361	5389
870	5361	5389
871	5388	5423
872	5388	5423
873	5388	5423
874	5390	5433
875	5390	5436
876	5390	5437
877	5390	5437
878	5390	5439
879	5390	5439
880	5390	5439
881	5390	5453
882	5392	5453
883	5407	5467
884	5417	5467
885	5417	5467
886	5417	5467
887	5424	5467
888	5424	5467
889	5424	5470
890	5478	5492
891	5479	5495
892	5479	5496
893	5484	5497
894	5496	5500
895	5500	5504
896	5501	5507
897	5503	5512
898	5503	5512
899	5506	5514
900	5508	5514
901	5515	5519
902	5515	5519
903	5520	5522
904	5520	5532
905	5520	5532
906	5522	5532
907	5523	5532
908	5524	5532
909	5533	5534
910	5542	5545
911	5542	5545
912	5542	5545
913	5548	5557
914	5548	5557
915	5548	5557
916	5558	5585
917	5558	5585
918	5558	5594
919	5559	5605
920	5567	5616
921	5580	5618
922	5595	5625
923	5606	5628
924	5614	5629
925	5617	5631
926	5633	5641
927	5640	5648
928	5649	5663
929	5659	5678
930	5659	5678
931	5662	5683
932	5671	5701
933	5684	5710
934	5706	5716
935	5706	5716
936	5712	5742
937	5714	5746
938	5716	5746
939	5717	5750
940	5717	5751
941	5717	5751
942	5743	5768
943	5743	5769
944	5747	5769
945	5747	5780
946	5747	5780
947	5747	5783
948	5747	5784
949	5747	5784
950	5764	5795
951	5770	5813
952	5777	5813
953	5777	5813
954	5787	5814
955	5787	5814
956	5787	5814
957	5787	5814
958	5794	5814
959	5794	5814
960	5796	5814
961	5801	5814
962	5818	5833
963	5818	5837
964	5830	5840
965	5832	5840
966	5834	5840
967	5841	5873
968	5841	5879
969	5841	5894
970	5841	5896
971	5844	5926
972	5850	5928
973	5868	5930
974	5868	5930
975	5868	5930
976	5873	5930
977	5873	5930
978	5929	5959
979	5930	5959
980	5930	5959
981	5931	5960
982	5931	5966
983	5934	5980
984	5953	5984
985	5988	6002
986	6003	6034
987	6035	6064
988	6039	6064
989	6040	6064
990	6043	6064
991	6043	6064
992	6065	6092
993	6065	6103
994	6070	6109
995	6078	6111
996	6087	6111
997	6112	6131
998	6112	6133
999	6124	6141
1000	6130	6144
1001	6138	6149
1002	6145	6166
1003	6145	6173
1004	6145	6173
1005	6149	6176
1006	6174	6201
1007	6174	6201
1008	6177	6209
1009	6177	6209
1010	6177	6209
1011	6215	6241
1012	6223	6242
1013	6241	6242
1014	6243	6249
1015	6243	6249
1016	6243	6249
1017	6250	6255
1018	6251	6260
1019	6255	6277
1020	6255	6278
1021	6256	6282
1022	6257	6284
1023	6268	6293
1024	6279	6304
1025	6322	6343
1026	6344	6364
1027	6344	6364
1028	6344	6366
1029	6348	6373
1030	6359	6373
1031	6364	6374
1032	6364	6380
1033	6374	6394
1034	6383	6402
1035	6387	6402
1036	6405	6408
1037	6405	6408
1038	6410	6415
1039	6416	6418
1040	6416	6419
1041	6428	6439
1042	6428	6439
1043	6428	6439
1044	6428	6439
1045	6440	6450
1046	6450	6455
1047	6450	6455
1048	6450	6455
1049	6450	6455
1050	6451	6455
1051	6451	6455
1052	6451	6455
1053	6458	6472
1054	6461	6473
1055	6473	6481
1056	6473	6483
1057	6475	6488
1058	6475	6488
1059	6482	6513
1060	6482	6513
1061	6482	6513
1062	6489	6516
1063	6517	6528
1064	6543	6567
1065	6543	6567
1066	6568	6595
1067	6583	6601
1068	6602	6628
1069	6602	6629
1070	6602	6630
1071	6602	6632
1072	6602	6632
1073	6602	6632
1074	6633	6670
1075	6633	6676
1076	6633	6676
1077	6633	6676
1078	6633	6676
1079	6633	6676
1080	6633	6676
1081	6633	6676
1082	6633	6676
1083	6633	6700
1084	6633	6700
1085	6633	6702
1086	6666	6713
1087	6667	6714
1088	6667	6714
1089	6669	6714
1090	6669	6714
1091	6669	6714
1092	6669	6714
1093	6669	6714
1094	6669	6714
1095	6669	6714
1096	6670	6714
1097	6670	6714
1098	6677	6714
1099	6719	6727
1100	6721	6728
1101	6721	6738
1102	6721	6738
1103	6725	6739
1104	6740	6751
1105	6740	6751
1106	6740	6758
1107	6740	6758
1108	6743	6761
1109	6744	6762
1110	6747	6762
1111	6747	6762
1112	6754	6763
1113	6764	6767
1114	6764	6767
1115	6768	6773
1116	6774	6805
1117	6774	6805
1118	6774	6807
1119	6774	6813
1120	6774	6814
1121	6774	6814
1122	6784	6820
1123	6784	6820
1124	6814	6829
1125	6818	6836
1126	6837	6856
1127	6837	6856
1128	6837	6857
1129	6841	6863
1130	6841	6863
1131	6864	6878
1132	6864	6883
1133	6864	6885
1134	6874	6891
1135	6882	6902
1136	6882	6903
1137	6894	6921
1138	6894	6921
1139	6901	6921
1140	6902	6921
1141	6902	6921
1142	6922	6947
1143	6922	6948
1144	6923	6978
1145	6979	6986
1146	6979	6986
1147	6980	7007
1148	6980	7009
1149	6980	7024
1150	6980	7024
1151	6990	7038
1152	6992	7039
1153	6992	7039
1154	7032	7063
1155	7046	7065
1156	7066	7093
1157	7066	7106
1158	7074	7110
1159	7074	7110
1160	7074	7114
1161	7078	7121
1162	7106	7148
1163	7149	7176
1164	7152	7176
1165	7152	7178
1166	7179	7182
1167	7179	7182
1168	7184	7200
1169	7191	7222
1170	7211	7253
1171	7211	7253
1172	7211	7254
1173	7216	7255
1174	7226	7288
1175	7251	7290
1176	7251	7291
1177	7251	7291
1178	7251	7291
1179	7255	7305
1180	7275	7307
1181	7289	7307
1182	7304	7340
1183	7306	7341
1184	7313	7349
1185	7351	7370
1186	7351	7375
1187	7351	7375
1188	7351	7378
1189	7376	7406
1190	7376	7417
1191	7393	7437
1192	7416	7455
1193	7438	7506
1194	7439	7508
1195	7439	7508
1196	7439	7508
1197	7456	7524
1198	7456	7524
1199	7456	7524
1200	7456	7524
1201	7456	7524
1202	7456	7524
1203	7456	7524
1204	7473	7524
1205	7525	7535
1206	7525	7535
1207	7536	7536
1208	7539	7571
1209	7539	7571
1210	7572	7582
1211	7572	7582
1212	7572	7582
1213	7572	7582
1214	7572	7582
1215	7572	7582
1216	7573	7582
1217	7583	7589
1218	7585	7599
1219	7585	7599
1220	7600	7661
1221	7600	7664
1222	7600	7674
1223	7600	7674
1224	7601	7677
1225	7601	7678
1226	7601	7678
1227	7601	7678
1228	7602	7679
1229	7602	7680
1230	7602	7680
1231	7602	7682
1232	7637	7686
1233	7667	7698
1234	7674	7699
1235	7675	7699
1236	7681	7705
1237	7686	7705
1238	7690	7714
1239	7690	7714
1240	7690	7714
1241	7699	7721
1242	7700	7731
1243	7700	7731
1244	7711	7731
1245	7732	7747
1246	7732	7748
1247	7735	7749
1248	7741	7757
1249	7749	7770
1250	7758	7797
1251	7771	7799
1252	7771	7799
1253	7771	7799
1254	7810	7821
1255	7810	7821
1256	7816	7828
1257	7822	7849
1258	7847	7857
1259	7858	7887
1260	7858	7887
1261	7858	7892
1262	7860	7910
1263	7864	7917
1264	7864	7917
1265	7878	7928
1266	7884	7934
1267	7888	7934
1268	7893	7935
1269	7893	7935
1270	7896	7939
1271	7901	7945
1272	7914	7957
1273	7914	7957
1274	7914	7957
1275	7940	7980
1276	8017	8032
1277	8017	8033
1278	8028	8060
1279	8033	8099
1280	8035	8112
1281	8037	8112
1282	8037	8112
1283	8039	8113
1284	8039	8113
1285	8042	8125
1286	8061	8125
1287	8085	8135
1288	8138	8165
1289	8140	8165
1290	8140	8165
1291	8141	8165
1292	8141	8165
1293	8141	8167
1294	8141	8168
1295	8169	8180
1296	8174	8183
1297	8174	8183
1298	8184	8195
1299	8184	8198
1300	8184	8198
1301	8184	8198
1302	8184	8198
1303	8192	8207
1304	8196	8216
1305	8199	8218
1306	8201	8218
1307	8219	8242
1308	8219	8254
1309	8228	8285
1310	8228	8299
1311	8232	8311
1312	8232	8311
1313	8232	8311
1314	8232	8311
1315	8246	8311
1316	8254	8313
1317	8254	8313
1318	8255	8313
1319	8255	8313
1320	8257	8313
1321	8312	8322
1322	8323	8330
1323	8331	8344
1324	8331	8344
1325	8331	8344
1326	8382	8411
1327	8385	8415
1328	8416	8452
1329	8416	8453
1330	8416	8464
1331	8416	8467
1332	8416	8467
1333	8416	8467
1334	8416	8467
1335	8416	8467
1336	8416	8467
1337	8416	8469
1338	8416	8469
1339	8416	8469
1340	8423	8496
1341	8432	8498
1342	8432	8502
1343	8433	8504
1344	8433	8505
1345	8436	8514
1346	8436	8514
1347	8448	8519
1348	8448	8519
1349	8448	8521
1350	8448	8521
1351	8448	8529
1352	8448	8533
1353	8449	8537
1354	8449	8559
1355	8449	8559
1356	8455	8561
1357	8458	8564
1358	8465	8571
1359	8468	8572
1360	8473	8574
1361	8473	8574
1362	8473	8574
1363	8475	8574
1364	8477	8574
1365	8477	8574
1366	8497	8583
1367	8497	8583
1368	8499	8588
1369	8503	8591
1370	8512	8592
1371	8560	8606
1372	8562	8606
1373	8562	8606
1374	8565	8606
1375	8565	8606
1376	8569	8606
1377	8569	8606
1378	8573	8606
1379	8573	8606
1380	8574	8606
1381	8607	8618
1382	8607	8618
1383	8607	8618
1384	8619	8663
1385	8619	8671
1386	8673	8696
1387	8695	8704
1388	8725	8737
1389	8725	8737
1390	8725	8738
1391	8725	8738
1392	8737	8747
1393	8739	8749
1394	8753	8764
1395	8753	8764
1396	8764	8774
1397	8775	8794
1398	8775	8796
1399	8775	8796
1400	8791	8819
1401	8791	8819
1402	8791	8819
1403	8791	8819
1404	8791	8820
1405	8797	8855
1406	8797	8855
1407	8797	8865
1408	8797	8866
1409	8801	8873
1410	8801	8873
1411	8805	8874
1412	8806	8874
1413	8806	8880
1414	8806	8885
1415	8806	8885
1416	8806	8885
1417	8806	8885
1418	8806	8890
1419	8806	8890
1420	8806	8890
1421	8806	8890
1422	8806	8891
1423	8806	8896
1424	8809	8896
1425	8809	8896
1426	8814	8896
1427	8814	8896
1428	8815	8897
1429	8823	8898
1430	8830	8898
1431	8830	8898
1432	8845	8899
1433	8900	8919
1434	8900	8922
1435	8919	8930
1436	8929	8950
1437	8930	8950
1438	8931	8950
1439	8951	8963
1440	8951	8964
1441	8951	8964
1442	8951	8964
1443	8964	8972
1444	8973	9005
1445	8973	9018
1446	8973	9022
1447	8974	9025
1448	8974	9025
1449	8974	9027
1450	8974	9027
1451	8992	9030
1452	9009	9030
1453	9015	9030
1454	9031	9073
1455	9031	9073
1456	9031	9076
1457	9031	9076
1458	9031	9076
1459	9031	9085
1460	9031	9085
1461	9031	9085
1462	9031	9094
1463	9031	9103
1464	9031	9113
1465	9044	9117
1466	9045	9121
1467	9047	9122
1468	9047	9122
1469	9049	9122
1470	9053	9123
1471	9062	9125
1472	9066	9125
1473	9066	9125
1474	9072	9132
1475	9086	9136
1476	9111	9138
1477	9114	9142
1478	9126	9159
1479	9129	9160
1480	9131	9160
1481	9133	9161
1482	9139	9171
1483	9160	9171
1484	9160	9171
1485	9160	9171
1486	9160	9174
1487	9165	9175
1488	9176	9200
1489	9176	9200
1490	9176	9202
1491	9176	9202
1492	9176	9202
1493	9177	9203
1494	9177	9203
1495	9177	9203
1496	9215	9248
1497	9220	9248
1498	9223	9248
1499	9249	9271
1500	9249	9271
1501	9249	9279
1502	9249	9294
1503	9249	9299
1504	9252	9325
1505	9271	9332
1506	9272	9332
1507	9327	9353
1508	9342	9410
1509	9347	9426
1510	9347	9426
1511	9348	9429
1512	9353	9442
1513	9359	9442
1514	9363	9442
1515	9363	9442
1516	9366	9442
1517	9397	9442
1518	9448	9518
1519	9448	9518
1520	9449	9518
1521	9449	9518
1522	9456	9522
1523	9468	9522
1524	9519	9557
1525	9519	9557
1526	9520	9560
1527	9523	9577
1528	9531	9594
1529	9531	9594
1530	9535	9594
1531	9538	9594
1532	9544	9594
1533	9544	9594
1534	9544	9594
1535	9546	9594
1536	9556	9594
1537	9595	9642
1538	9595	9644
1539	9595	9652
1540	9595	9664
1541	9595	9680
1542	9595	9682
1543	9595	9689
1544	9595	9689
1545	9595	9689
1546	9595	9689
1547	9596	9689
1548	9596	9689
1549	9596	9689
1550	9597	9689
1551	9600	9690
1552	9611	9698
1553	9611	9698
1554	9611	9698
1555	9614	9698
1556	9620	9698
1557	9643	9698
1558	9657	9700
1559	9664	9700
1560	9690	9720
1561	9701	9724
1562	9725	9727
1563	9737	9763
1564	9737	9763
1565	9747	9798
1566	9764	9809
1567	9785	9817
1568	9824	9840
1569	9829	9840
1570	9841	9863
1571	9841	9882
1572	9846	9895
1573	9849	9895
1574	9854	9898
1575	9855	9911
1576	9856	9911
1577	9856	9911
1578	9856	9911
1579	9856	9912
1580	9857	9912
1581	9858	9914
1582	9862	9915
1583	9867	9916
1584	9885	9920
1585	9885	9920
1586	9912	9933
1587	9913	9933
1588	9913	9933
1589	9913	9933
1590	9915	9933
1591	9916	9934
1592	9921	9952
1593	9925	9953
1594	9925	9953
1595	9925	9953
1596	9925	9953
1597	9930	9953
1598	9954	9981
1599	9954	9983
1600	9954	9983
1601	9954	9983
1602	9954	9983
1603	9954	9983
1604	9954	9985
1605	9954	9986
1606	9954	9987
1607	9954	9989
1608	9954	9989
1609	9954	9989
1610	9978	9995
1611	9982	10022
1612	9986	10029
1613	9990	10048
1614	9990	10048
1615	9991	10052
1616	9996	10057
1617	9996	10057
1618	9997	10064
1619	9997	10065
1620	9997	10068
1621	10023	10086
1622	10023	10095
1623	10026	10096
1624	10050	10103
1625	10052	10103
1626	10053	10103
1627	10054	10104
1628	10103	10153
1629	10104	10155
1630	10104	10158
1631	10105	10166
1632	10105	10170
1633	10105	10170
1634	10105	10170
1635	10105	10170
1636	10105	10171
1637	10112	10172
1638	10112	10172
1639	10112	10172
1640	10112	10172
1641	10118	10180
1642	10118	10180
1643	10118	10180
1644	10118	10180
1645	10124	10192
1646	10137	10199
1647	10158	10209
1648	10159	10209
1649	10160	10217
1650	10160	10217
1651	10162	10226
1652	10172	10236
1653	10172	10236
1654	10181	10238
1655	10217	10242
1656	10238	10259
1657	10241	10263
1658	10242	10273
1659	10242	10308
1660	10243	10311
1661	10243	10311
1662	10243	10314
1663	10243	10314
1664	10243	10314
1665	10243	10314
1666	10260	10326
1667	10261	10326
1668	10264	10334
1669	10309	10344
1670	10315	10354
1671	10331	10357
1672	10334	10357
1673	10335	10357
1674	10335	10357
1675	10335	10357
1676	10358	10367
1677	10358	10367
1678	10358	10367
1679	10368	10398
1680	10374	10425
1681	10375	10428
1682	10375	10428
1683	10375	10428
1684	10375	10428
1685	10375	10428
1686	10382	10431
1687	10390	10431
1688	10390	10431
1689	10401	10441
1690	10426	10446
1691	10426	10446
1692	10432	10450
1693	10456	10477
1694	10461	10478
1695	10461	10478
1696	10461	10478
1697	10461	10481
1698	10461	10481
1699	10461	10493
1700	10461	10493
1701	10461	10493
1702	10468	10496
1703	10475	10499
1704	10494	10503
1705	10498	10532
1706	10498	10532
1707	10533	10545
1708	10549	10584
1709	10549	10584
1710	10549	10586
1711	10573	10620
1712	10584	10636
1713	10584	10637
1714	10585	10643
1715	10585	10663
1716	10585	10663
1717	10587	10678
1718	10587	10680
1719	10587	10680
1720	10601	10693
1721	10601	10693
1722	10607	10698
1723	10608	10698
1724	10608	10698
1725	10608	10698
1726	10608	10698
1727	10635	10725
1728	10639	10744
1729	10665	10749
1730	10667	10758
1731	10681	10774
1732	10681	10779
1733	10683	10788
1734	10683	10788
1735	10683	10788
1736	10702	10805
1737	10704	10805
1738	10704	10805
1739	10712	10805
1740	10716	10805
1741	10726	10805
1742	10745	10805
1743	10749	10822
1744	10750	10824
1745	10806	10859
1746	10806	10869
1747	10806	10880
1748	10836	10920
1749	10842	10930
1750	10856	10935
1751	10860	10936
1752	10870	10937
1753	10870	10937
1754	10883	10937
1755	10896	10937
1756	10896	10937
1757	10897	10937
1758	10907	10937
1759	10938	10941
1760	10938	10941
1761	10938	10941
1762	10942	10978
1763	10974	10985
1764	10990	11018
1765	10990	11018
1766	11019	11027
1767	11020	11040
1768	11026	11060
1769	11035	11060
1770	11061	11065
1771	11066	11092
1772	11066	11092
1773	11066	11101
1774	11066	11105
1775	11066	11105
1776	11106	11117
1777	11118	11135
1778	11118	11135
1779	11118	11135
1780	11118	11135
1781	11118	11135
1782	11118	11135
1783	11136	11149
1784	11136	11154
1785	11138	11154
1786	11142	11154
1787	11145	11154
1788	11155	11156
1789	11162	11184
1790	11162	11184
1791	11176	11185
1792	11186	11213
1793	11186	11229
1794	11208	11234
1795	11219	11235
1796	11248	11282
1797	11248	11283
1798	11248	11283
1799	11255	11297
1800	11255	11297
1801	11269	11303
1802	11294	11303
1803	11304	11350
1804	11305	11350
1805	11305	11350
1806	11308	11350
1807	11309	11350
1808	11355	11367
1809	11355	11367
1810	11364	11367
1811	11378	11390
1812	11378	11390
1813	11378	11390
1814	11391	11420
1815	11421	11456
1816	11421	11456
1817	11421	11456
1818	11457	11529
1819	11457	11545
1820	11457	11556
1821	11457	11560
1822	11457	11561
1823	11457	11561
1824	11457	11574
1825	11457	11581
1826	11460	11588
1827	11460	11595
1828	11472	11602
1829	11495	11627
1830	11498	11628
1831	11500	11628
1832	11526	11638
1833	11538	11647
1834	11539	11649
1835	11539	11649
1836	11551	11664
1837	11557	11664
1838	11570	11670
1839	11570	11670
1840	11575	11678
1841	11575	11679
1842	11597	11693
1843	11625	11705
1844	11694	11751
1845	11703	11766
1846	11712	11770
1847	11716	11777
1848	11716	11777
1849	11716	11783
1850	11719	11784
1851	11719	11784
1852	11738	11805
1853	11750	11809
1854	11750	11811
1855	11752	11811
1856	11760	11813
1857	11760	11813
1858	11760	11813
1859	11760	11813
1860	11768	11818
1861	11768	11818
1862	11778	11822
1863	11778	11822
1864	11779	11822
1865	11779	11822
1866	11784	11822
1867	11810	11844
1868	11814	11864
1869	11814	11869
1870	11815	11876
1871	11821	11890
1872	11823	11893
1873	11823	11896
1874	11824	11906
1875	11824	11909
1876	11824	11912
1877	11825	11913
1878	11831	11916
1879	11831	11916
1880	11832	11922
1881	11837	11925
1882	11850	11929
1883	11870	11930
1884	11913	11986
1885	11915	11991
1886	11915	11991
1887	11916	11991
1888	11918	12004
1889	11920	12004
1890	11921	12004
1891	11921	12004
1892	11921	12004
1893	11933	12026
1894	11934	12026
1895	11962	12028
1896	11969	12029
1897	11987	12033
1898	11987	12033
1899	11987	12033
1900	12015	12045
1901	12029	12078
1902	12034	12107
1903	12040	12128
1904	12050	12142
1905	12050	12142
1906	12051	12142
1907	12053	12149
1908	12053	12158
1909	12053	12158
1910	12055	12168
1911	12058	12168
1912	12069	12174
1913	12071	12174
1914	12071	12174
1915	12078	12176
1916	12081	12179
1917	12081	12179
1918	12083	12181
1919	12085	12183
1920	12090	12183
1921	12100	12184
1922	12100	12184
1923	12100	12186
1924	12110	12187
1925	12111	12187
1926	12111	12187
1927	12129	12200
1928	12136	12203
1929	12173	12204
1930	12173	12204
1931	12175	12204
1932	12176	12205
1933	12198	12213
1934	12201	12214
1935	12204	12214
1936	12216	12226
1937	12216	12226
1938	12216	12226
1939	12217	12226
1940	12217	12226
1941	12251	12264
1942	12251	12264
1943	12251	12265
1944	12251	12271
1945	12252	12274
1946	12265	12308
1947	12265	12322
1948	12266	12340
1949	12270	12342
1950	12273	12344
1951	12275	12349
1952	12275	12352
1953	12275	12352
1954	12278	12352
1955	12278	12352
1956	12278	12352
1957	12278	12352
1958	12282	12362
1959	12286	12362
1960	12299	12363
1961	12308	12363
1962	12315	12368
1963	12331	12379
1964	12341	12395
1965	12343	12399
1966	12353	12408
1967	12364	12425
1968	12382	12454
1969	12382	12454
1970	12391	12457
1971	12391	12457
1972	12395	12458
1973	12401	12465
1974	12403	12465
1975	12403	12468
1976	12411	12485
1977	12415	12491
1978	12415	12491
1979	12425	12491
1980	12426	12491
1981	12444	12503
1982	12447	12507
1983	12447	12507
1984	12447	12507
1985	12452	12507
1986	12452	12507
1987	12453	12507
1988	12462	12533
1989	12465	12542
1990	12466	12543
1991	12466	12544
1992	12466	12544
1993	12477	12551
1994	12492	12551
1995	12492	12551
1996	12494	12551
1997	12502	12551
1998	12551	12583
1999	12552	12583
2000	12552	12583
2001	12552	12583
2002	12552	12593
2003	12552	12595
2004	12552	12599
2005	12552	12599
2006	12552	12606
2007	12552	12606
2008	12555	12619
2009	12555	12619
2010	12578	12646
2011	12583	12648
2012	12583	12648
2013	12583	12648
2014	12584	12649
2015	12584	12649
2016	12584	12651
2017	12584	12651
2018	12625	12685
2019	12631	12685
2020	12631	12686
2021	12635	12686
2022	12647	12689
2023	12647	12690
2024	12673	12740
2025	12679	12740
2026	12686	12756
2027	12687	12768
2028	12687	12770
2029	12708	12800
2030	12709	12800
2031	12709	12800
2032	12709	12800
2033	12710	12801
2034	12710	12801
2035	12721	12813
2036	12721	12813
2037	12722	12813
2038	12723	12813
2039	12724	12813
2040	12724	12813
2041	12742	12819
2042	12742	12819
2043	12742	12820
2044	12742	12822
2045	12744	12828
2046	12794	12845
2047	12794	12845
2048	12794	12845
2049	12794	12845
2050	12801	12848
2051	12802	12848
2052	12814	12850
2053	12823	12856
2054	12835	12863
2055	12846	12876
2056	12848	12881
2057	12851	12890
2058	12851	12890
2059	12852	12891
2060	12852	12891
2061	12852	12891
2062	12855	12891
2063	12864	12912
2064	12868	12916
2065	12868	12916
2066	12873	12923
2067	12873	12923
2068	12873	12925
2069	12877	12927
2070	12882	12930
2071	12882	12930
2072	12882	12930
2073	12882	12930
2074	12891	12931
2075	12895	12934
2076	12895	12934
2077	12903	12937
2078	12925	12957
2079	12928	12965
2080	12928	12965
2081	12930	12978
2082	12932	12983
2083	12932	12983
2084	12932	12983
2085	12932	12983
2086	12933	12983
2087	12935	12983
2088	12937	12983
2089	12937	12983
2090	12937	12983
2091	12938	12983
2092	12984	12988
2093	12984	12988
2094	12991	13001
2095	12992	13001
2096	13011	13053
2097	13011	13056
2098	13011	13056
2099	13011	13064
2100	13020	13085
2101	13021	13087
2102	13021	13087
2103	13033	13087
2104	13036	13087
2105	13044	13089
2106	13048	13090
2107	13048	13092
2108	13057	13096
2109	13062	13108
2110	13088	13114
2111	13089	13116
2112	13120	13124
2113	13124	13127
2114	13128	13152
2115	13128	13152
2116	13153	13181
2117	13153	13184
2118	13153	13184
2119	13158	13209
2120	13178	13219
2121	13183	13220
2122	13200	13236
2123	13214	13243
2124	13216	13243
2125	13216	13243
2126	13216	13243
2127	13217	13247
2128	13257	13264
2129	13257	13269
2130	13259	13269
2131	13275	13283
2132	13284	13326
2133	13284	13326
2134	13288	13339
2135	13290	13340
2136	13315	13345
2137	13338	13345
2138	13346	13386
2139	13356	13388
2140	13356	13388
2141	13359	13388
2142	13379	13414
2143	13416	13456
2144	13430	13467
2145	13444	13475
2146	13451	13477
2147	13478	13494
2148	13478	13499
2149	13478	13499
2150	13478	13499
2151	13478	13499
2152	13481	13500
2153	13494	13500
2154	13507	13549
2155	13514	13573
2156	13535	13574
2157	13535	13574
2158	13544	13578
2159	13575	13605
2160	13575	13623
2161	13578	13625
2162	13578	13636
2163	13578	13636
2164	13579	13637
2165	13581	13637
2166	13583	13637
2167	13584	13637
2168	13591	13637
2169	13638	13657
2170	13643	13689
2171	13658	13696
2172	13658	13696
2173	13658	13696
2174	13658	13696
2175	13658	13698
2176	13672	13700
2177	13672	13700
2178	13679	13700
2179	13687	13700
2180	13687	13700
2181	13701	13710
2182	13701	13713
2183	13701	13716
2184	13701	13743
2185	13701	13743
2186	13701	13743
2187	13702	13746
2188	13705	13747
2189	13709	13748
2190	13709	13749
2191	13709	13749
2192	13709	13749
2193	13709	13749
2194	13709	13749
2195	13709	13749
2196	13709	13749
2197	13709	13749
2198	13711	13752
2199	13711	13753
2200	13711	13753
2201	13717	13753
2202	13744	13753
2203	13756	13781
2204	13756	13781
2205	13756	13789
2206	13756	13790
2207	13756	13791
2208	13766	13791
2209	13766	13791
2210	13772	13791
2211	13792	13806
2212	0	0
2213	13813	13850
2214	13813	13850
2215	13813	13850
2216	13813	13850
2217	13813	13853
2218	13813	13853
2219	13853	13883
2220	13863	13885
2221	13883	13895
2222	13884	13895
2223	13884	13895
2224	13884	13895
2225	13887	13899
2226	13891	13899
2227	13891	13899
2228	13893	13900
2229	13896	13900
2230	13896	13900
2231	13919	13942
2232	13924	13942
2233	13946	13976
2234	13955	13982
2235	13955	13982
2236	13962	13991
2237	13977	13991
2238	13998	14012
2239	14003	14021
2240	14003	14021
2241	14003	14022
2242	14004	14022
2243	14022	14028
2244	14022	14028
2245	14022	14029
2246	14022	14029
2247	14030	14054
2248	14066	14084
2249	14068	14084
2250	14068	14084
2251	14068	14084
2252	14079	14085
2253	14087	14103
2254	14094	14115
2255	14096	14115
2256	14096	14115
2257	14097	14115
2258	14116	14116
2259	14116	14116
2260	14117	14126
2261	14150	14170
2262	14153	14172
2263	14155	14172
2264	14173	14179
2265	14173	14179
2266	14179	14184
2267	14186	14202
2268	14203	14210
2269	14210	14213
2270	14221	14230
2271	14222	14230
2272	14223	14230
2273	14223	14231
2274	14223	14232
2275	14231	14250
2276	14246	14254
2277	14246	14254
2278	14251	14269
2279	14255	14272
2280	14255	14272
2281	14255	14272
2282	14273	14282
2283	14274	14286
2284	14284	14291
2285	14284	14291
2286	14284	14291
2287	14316	14316
2288	14316	14316
2289	14317	14333
2290	14318	14338
2291	14321	14341
2292	14322	14341
2293	14350	14392
2294	14368	14392
2295	14368	14392
2296	14369	14392
2297	14393	14412
2298	14393	14414
2299	14393	14415
2300	14394	14419
2301	14394	14419
2302	14407	14429
2303	14415	14432
2304	14418	14433
2305	14420	14433
2306	14422	14433
2307	14434	14449
2308	14434	14451
2309	14443	14462
2310	14466	14472
2311	14479	14493
2312	14494	14533
2313	14494	14537
2314	14494	14537
2315	14494	14543
2316	14494	14543
2317	14495	14543
2318	14495	14543
2319	14497	14543
2320	14499	14543
2321	14504	14543
2322	14545	14561
2323	14559	14573
2324	14562	14575
2325	14562	14576
2326	14569	14581
2327	14582	14595
2328	14582	14595
2329	14597	14715
2330	14597	14715
2331	14597	14715
2332	14611	14716
2333	14611	14716
2334	14629	14716
2335	14706	14738
2336	14717	14738
2337	14719	14746
2338	14747	14772
2339	14755	14782
2340	14756	14782
2341	14758	14782
2342	14758	14782
2343	14783	14814
2344	14785	14822
2345	14785	14822
2346	14790	14844
2347	14790	14844
2348	14790	14844
2349	14799	14844
2350	14799	14844
2351	14845	14863
2352	14845	14863
2353	14845	14863
2354	14864	14892
2355	14872	14913
2356	14880	14921
2357	14889	14927
2358	14893	14929
2359	14906	14931
2360	14910	14932
2361	14910	14932
2362	14910	14932
2363	14910	14932
2364	14915	14932
2365	14915	14933
2366	14915	14933
2367	14930	14935
2368	14936	14937
2369	14942	14950
2370	14957	14973
2371	14959	14974
2372	14959	14975
2373	14975	14993
2374	14980	15003
2375	15004	15014
2376	15014	15034
2377	15035	15040
2378	15035	15049
2379	15035	15058
2380	15037	15062
2381	15037	15062
2382	15038	15066
2383	15049	15086
2384	15059	15093
2385	15063	15100
2386	15065	15102
2387	15084	15112
2388	15087	15112
2389	15087	15112
2390	15088	15118
2391	15088	15118
2392	15089	15124
2393	15095	15134
2394	15103	15147
2395	15104	15148
2396	15112	15148
2397	15113	15163
2398	15113	15163
2399	15119	15168
2400	15127	15170
2401	15148	15180
2402	15148	15180
2403	15183	15193
2404	15183	15193
2405	15194	15211
2406	15194	15222
2407	15194	15223
2408	15197	15231
2409	15197	15231
2410	15197	15231
2411	15197	15231
2412	15202	15239
2413	15212	15249
2414	15212	15252
2415	15212	15255
2416	15224	15264
2417	15224	15264
2418	15224	15264
2419	15224	15264
2420	15253	15287
2421	15275	15310
2422	15287	15328
2423	15287	15328
2424	15302	15341
2425	15304	15347
2426	15355	15386
2427	15355	15386
2428	15387	15394
2429	15387	15394
2430	15414	15432
2431	15417	15433
2432	15417	15435
2433	15425	15441
2434	15442	15479
2435	15442	15496
2436	15442	15516
2437	15442	15516
2438	15443	15521
2439	15450	15536
2440	15453	15536
2441	15462	15536
2442	15469	15536
2443	15469	15536
2444	15478	15536
2445	15478	15536
2446	15537	15550
2447	15537	15550
2448	15554	15569
2449	15555	15569
2450	15555	15569
2451	15555	15569
2452	15570	15579
2453	15570	15579
2454	15570	15579
2455	15580	15588
2456	15582	15610
2457	15584	15616
2458	15587	15618
2459	15587	15627
2460	15587	15628
2461	15587	15628
2462	15589	15629
2463	15589	15629
2464	15589	15630
2465	15608	15650
2466	15617	15651
2467	15619	15651
2468	15619	15651
2469	15651	15669
2470	15652	15679
2471	15653	15682
2472	15656	15682
2473	15683	15695
2474	15696	15738
2475	15696	15751
2476	15709	15782
2477	15718	15825
2478	15735	15827
2479	15737	15841
2480	15740	15848
2481	15742	15849
2482	15744	15849
2483	15752	15849
2484	15752	15850
2485	15781	15860
2486	15783	15861
2487	15786	15861
2488	15786	15861
2489	15788	15861
2490	15789	15861
2491	15790	15862
2492	15850	15881
2493	15851	15881
2494	15882	15902
2495	15882	15904
2496	15882	15907
2497	15882	15909
2498	15883	15910
2499	15883	15911
2500	15890	15914
2501	15891	15919
2502	15896	15926
2503	15903	15930
2504	15908	15930
2505	15910	15934
2506	15914	15942
2507	15931	15971
2508	15931	15971
2509	15943	16005
2510	15943	16007
2511	15976	16037
2512	15977	16037
2513	15979	16038
2514	15979	16038
2515	15997	16039
2516	15997	16039
2517	15997	16039
2518	16008	16042
2519	16046	16060
2520	16046	16060
2521	16065	16096
2522	16065	16118
2523	16065	16118
2524	16065	16118
2525	16066	16124
2526	16088	16132
2527	16088	16136
2528	16092	16138
2529	16092	16138
2530	16097	16144
2531	16097	16144
2532	16107	16144
2533	16110	16144
2534	16119	16144
2535	16120	16144
2536	16121	16144
2537	16125	16144
2538	16138	16146
2539	16145	16159
2540	16160	16177
2541	16160	16180
2542	16160	16183
2543	16160	16184
2544	16160	16184
2545	16161	16223
2546	16161	16226
2547	16170	16236
2548	16170	16236
2549	16173	16254
2550	16173	16257
2551	16173	16257
2552	16193	16283
2553	16196	16286
2554	16208	16291
2555	16221	16301
2556	16223	16301
2557	16237	16314
2558	16238	16341
2559	16238	16341
2560	16238	16348
2561	16248	16348
2562	16252	16348
2563	16253	16348
2564	16259	16350
2565	16259	16350
2566	16259	16350
2567	16259	16351
2568	16277	16359
2569	16280	16363
2570	16289	16370
2571	16350	16401
2572	16350	16402
2573	16361	16427
2574	16364	16434
2575	16364	16436
2576	16368	16441
2577	16371	16450
2578	16371	16455
2579	16371	16455
2580	16375	16455
2581	16375	16455
2582	16393	16467
2583	16396	16467
2584	16403	16468
2585	16466	16493
2586	16468	16502
2587	16487	16533
2588	16487	16533
2589	16496	16554
2590	16497	16554
2591	16503	16554
2592	16503	16554
2593	16503	16554
2594	16562	16629
2595	16562	16629
2596	16562	16629
2597	16562	16629
2598	16562	16629
2599	16562	16629
2600	16562	16629
2601	16630	16641
2602	16630	16641
2603	16644	16671
2604	16644	16672
2605	16644	16672
2606	16677	16682
2607	16677	16685
2608	16677	16685
2609	16677	16700
2610	16678	16707
2611	16678	16707
2612	16678	16707
2613	16679	16707
2614	16679	16707
2615	16708	16726
2616	16708	16743
2617	16715	16745
2618	16719	16753
2619	16746	16771
2620	16746	16771
2621	16750	16771
2622	16752	16774
2623	16758	16780
2624	16758	16780
2625	16758	16780
2626	16767	16790
2627	16767	16790
2628	16772	16793
2629	16795	16802
2630	16803	16815
2631	16816	16820
2632	16821	16826
2633	16821	16826
2634	16821	16826
2635	16821	16830
2636	16827	16830
2637	16831	16844
2638	16833	16854
2639	16836	16855
2640	16837	16864
2641	16837	16864
2642	16848	16864
2643	16865	16875
2644	16867	16886
2645	16869	16887
2646	16869	16890
2647	16877	16896
2648	16877	16896
2649	16899	16922
2650	16900	16922
2651	16917	16942
2652	16923	16952
2653	16923	16953
2654	16923	16953
2655	16923	16954
2656	16929	16958
2657	16929	16958
2658	16930	16958
2659	16941	16965
2660	16941	16970
2661	16971	17014
2662	16987	17030
2663	17001	17042
2664	17002	17044
2665	17002	17044
2666	17003	17044
2667	17006	17048
2668	17007	17050
2669	17007	17052
2670	17010	17062
2671	17011	17063
2672	17011	17063
2673	17011	17063
2674	17012	17063
2675	17015	17073
2676	17020	17073
2677	17020	17073
2678	17033	17080
2679	17046	17080
2680	17046	17080
2681	17047	17080
2682	17051	17087
2683	17074	17104
2684	17081	17113
2685	17081	17113
2686	17081	17113
2687	17081	17113
2688	17081	17115
2689	17081	17117
2690	17081	17123
2691	17081	17123
2692	17087	17123
2693	17088	17125
2694	17088	17128
2695	17102	17135
2696	17111	17135
2697	17114	17135
2698	17141	17152
2699	17142	17174
2700	17148	17181
2701	17148	17181
2702	17148	17181
2703	17150	17182
2704	17184	17190
2705	17198	17211
2706	17214	17215
2707	17217	17244
2708	17217	17244
2709	17227	17244
2710	17228	17244
2711	17246	17246
2712	17259	17272
2713	17259	17272
2714	17273	17280
2715	17278	17292
2716	17278	17292
2717	17279	17292
2718	17298	17315
2719	17298	17315
2720	17316	17340
2721	17316	17343
2722	17340	17376
2723	17340	17376
2724	17340	17377
2725	17382	17404
2726	17382	17406
2727	17382	17406
2728	17382	17406
2729	17382	17406
2730	17382	17406
2731	17383	17410
2732	17410	17431
2733	17411	17433
2734	17411	17433
2735	17411	17434
2736	17411	17434
2737	17411	17434
2738	17413	17435
2739	17413	17435
2740	17413	17436
2741	17434	17439
2742	17436	17467
2743	17437	17467
2744	17437	17474
2745	17437	17474
2746	17468	17485
2747	17475	17516
2748	17475	17519
2749	17476	17522
2750	17476	17524
2751	17509	17541
2752	17513	17543
2753	17513	17543
2754	17514	17543
2755	17514	17543
2756	17514	17543
2757	17514	17543
2758	17544	17551
2759	17552	17564
2760	17553	17569
2761	17558	17579
2762	17558	17579
2763	17565	17579
2764	17565	17579
2765	17579	17591
2766	17580	17591
2767	17592	17598
2768	17592	17598
2769	17592	17598
2770	17592	17598
2771	17601	17637
2772	17601	17637
2773	17601	17637
2774	17601	17637
2775	17601	17637
2776	17632	17649
2777	17632	17649
2778	17637	17658
2779	17659	17661
2780	17662	17674
2781	17663	17679
2782	17663	17681
2783	17663	17681
2784	17663	17681
2785	17685	17707
2786	17709	17726
2787	17709	17731
2788	17732	17742
2789	17743	17760
2790	17749	17761
2791	17762	17765
2792	17762	17765
2793	17775	17802
2794	17789	17804
2795	17789	17807
2796	17791	17807
2797	17796	17807
2798	17829	17849
2799	17831	17851
2800	17839	17851
2801	17852	17864
2802	17852	17866
2803	17852	17867
2804	17852	17867
2805	17854	17870
2806	17855	17870
2807	17856	17870
2808	17857	17872
2809	17865	17877
2810	17865	17878
2811	17866	17883
2812	17867	17884
2813	17868	17888
2814	17871	17896
2815	17901	17905
2816	17901	17905
2817	17908	17925
2818	17908	17925
2819	17924	17968
2820	17938	17989
2821	17938	17992
2822	17939	17995
2823	17966	18012
2824	17967	18014
2825	17967	18014
2826	17969	18018
2827	17976	18023
2828	17996	18024
2829	18006	18024
2830	18025	18051
2831	18025	18051
2832	18025	18059
2833	18025	18059
2834	18025	18069
2835	18027	18073
2836	18027	18073
2837	18028	18075
2838	18050	18107
2839	18070	18127
2840	18073	18127
2841	18073	18127
2842	18121	18141
2843	18128	18141
2844	18134	18152
2845	18142	18165
2846	18147	18172
2847	18166	18181
2848	18166	18181
2849	18168	18181
2850	18182	18194
2851	18182	18194
2852	18182	18194
2853	18182	18195
2854	18190	18195
2855	18196	18197
2856	18196	18197
2857	18198	18205
2858	18198	18205
2859	18198	18205
2860	18201	18205
2861	18206	18208
2862	18209	18209
2863	18216	18233
2864	18235	18239
2865	18235	18239
2866	18240	18256
2867	18246	18274
2868	18246	18274
2869	18249	18290
2870	18264	18303
2871	18270	18308
2872	18270	18308
2873	18288	18315
2874	18326	18326
2875	18327	18345
2876	18350	18361
2877	18362	18369
2878	18362	18371
2879	18372	18374
2880	18380	18386
2881	18387	18389
2882	18387	18391
2883	18389	18395
2884	18429	18436
2885	18429	18436
2886	18430	18437
2887	18430	18437
2888	18430	18437
2889	18430	18437
2890	18438	18445
2891	18442	18451
2892	18446	18451
2893	18446	18456
2894	18451	18461
2895	18452	18461
2896	18452	18461
2897	18452	18461
2898	18452	18461
2899	18470	18480
2900	18470	18485
2901	18476	18485
2902	18476	18485
2903	18476	18485
2904	18486	18498
2905	18488	18500
2906	18488	18500
2907	18488	18500
2908	18492	18500
2909	18492	18500
2910	18492	18500
2911	18501	18508
2912	18501	18508
2913	18501	18508
2914	18508	18514
2915	18515	18537
2916	18535	18547
2917	18536	18547
2918	18551	18569
2919	18568	18576
2920	18568	18576
2921	18568	18576
2922	18568	18576
2923	18578	18584
2924	18586	18591
2925	18618	18629
2926	18620	18630
2927	18622	18630
2928	18622	18630
2929	18634	18653
2930	18634	18654
2931	18645	18659
2932	18655	18661
2933	18662	18677
2934	18662	18677
2935	18678	18701
2936	18683	18701
2937	18714	18743
2938	18714	18743
2939	18714	18757
2940	18714	18757
2941	18725	18760
2942	18760	18769
2943	18764	18769
2944	18764	18769
2945	18764	18769
2946	18770	18782
2947	18770	18782
2948	18783	18786
2949	18787	18794
2950	18795	18805
2951	18798	18808
2952	18809	18822
2953	18825	18827
2954	18836	18896
2955	18842	18902
2956	18846	18919
2957	18921	18959
2958	18921	18965
2959	18921	18965
2960	18921	18968
2961	18949	18989
2962	18949	18989
2963	18951	18989
2964	18990	19002
2965	18990	19002
2966	19003	19005
2967	19007	19029
2968	19030	19047
2969	19030	19047
2970	19048	19060
2971	19048	19060
2972	19063	19071
2973	19063	19078
2974	19063	19078
2975	19063	19078
2976	19071	19086
2977	19079	19090
2978	19082	19096
2979	19094	19104
2980	19109	19116
2981	19109	19116
2982	19109	19116
2983	19117	19123
2984	19122	19158
2985	19122	19158
2986	19122	19158
2987	19122	19158
2988	19122	19158
2989	19122	19158
2990	19122	19158
2991	19160	19160
2992	19161	19163
2993	19162	19177
2994	19168	19198
2995	19169	19198
2996	19169	19198
2997	19178	19198
2998	19199	19206
2999	19207	19218
3000	19209	19218
3001	19213	19219
3002	19222	19234
3003	19222	19234
3004	19223	19234
3005	19247	19258
3006	19247	19258
3007	19261	19282
3008	19274	19286
3009	19282	19307
3010	19283	19310
3011	19310	19323
3012	19311	19328
3013	19313	19329
3014	19317	19339
3015	19320	19342
3016	19333	19353
3017	19343	19355
3018	19346	19355
3019	19346	19355
3020	19352	19363
3021	19355	19363
3022	19367	19369
3023	19367	19369
3024	19370	19384
3025	19395	19406
3026	19400	19421
3027	19400	19421
3028	19400	19421
3029	19411	19425
3030	19420	19425
3031	19426	19431
3032	19426	19431
3033	19432	19441
3034	19442	19447
3035	19442	19450
3036	19443	19450
3037	19462	19475
3038	19465	19476
3039	19477	19486
3040	19481	19490
3041	19482	19495
3042	19486	19498
3043	19486	19498
3044	19487	19498
3045	19487	19498
3046	19499	19502
3047	19499	19510
3048	19499	19512
3049	19499	19514
3050	19505	19515
3051	19517	19530
3052	19517	19530
3053	19517	19530
3054	19517	19530
3055	19531	19544
3056	19531	19544
3057	19545	19565
3058	19564	19580
3059	19566	19580
3060	19566	19585
3061	19566	19585
3062	19581	19587
3063	19581	19587
3064	19589	19602
3065	19595	19652
3066	19598	19654
3067	19599	19664
3068	19599	19665
3069	19650	19686
3070	19655	19693
3071	19655	19693
3072	19655	19697
3073	19694	19702
3074	19703	19718
3075	19703	19720
3076	19703	19720
3077	19703	19742
3078	19703	19750
3079	19707	19770
3080	19712	19784
3081	19712	19784
3082	19715	19787
3083	19715	19787
3084	19718	19790
3085	19721	19795
3086	19726	19795
3087	19726	19795
3088	19764	19811
3089	19766	19811
3090	19769	19811
3091	19836	19874
3092	19836	19874
3093	19842	19874
3094	19875	19877
3095	19875	19877
3096	19879	19898
3097	19886	19917
3098	19886	19917
3099	19886	19926
3100	19887	19936
3101	19887	19936
3102	19889	19937
3103	19898	19943
3104	19899	19943
3105	19899	19943
3106	19904	19943
3107	19912	19943
3108	19914	19943
3109	19944	19955
3110	19945	19955
3111	19945	19955
3112	19956	19982
3113	19956	19982
3114	19956	19985
3115	19983	20023
3116	20040	20045
3117	20040	20045
3118	20046	20051
3119	20046	20051
3120	20052	20061
3121	20062	20106
3122	20062	20107
3123	20109	20130
3124	20109	20145
3125	20109	20150
3126	20109	20151
3127	20109	20151
3128	20110	20151
3129	20112	20172
3130	20112	20172
3131	20113	20172
3132	20113	20172
3133	20113	20172
3134	20113	20172
3135	20116	20172
3136	20116	20172
3137	20127	20177
3138	20127	20177
3139	20152	20186
3140	20174	20207
3141	20192	20228
3142	20193	20228
3143	20197	20228
3144	20199	20228
3145	20201	20228
3146	20202	20228
3147	20202	20228
3148	20202	20228
3149	20202	20228
3150	20229	20291
3151	20229	20291
3152	20229	20291
3153	20229	20291
3154	20229	20291
3155	20229	20291
3156	20229	20291
3157	20292	20335
3158	20294	20339
3159	20294	20340
3160	20294	20342
3161	20345	20365
3162	20345	20365
3163	20362	20403
3164	20362	20403
3165	20414	20442
3166	20414	20442
3167	20414	20455
3168	20435	20470
3169	20435	20470
3170	20458	20494
3171	20458	20496
3172	20465	20496
3173	20467	20501
3174	20467	20501
3175	20495	20524
3176	20514	20544
3177	20540	20547
3178	20548	20562
3179	20548	20563
3180	20559	20581
3181	20559	20581
3182	20582	20604
3183	20582	20604
3184	20582	20604
3185	20582	20618
3186	20582	20633
3187	20594	20646
3188	20594	20649
3189	20595	20649
3190	20598	20660
3191	20603	20665
3192	20647	20714
3193	20647	20714
3194	20647	20715
3195	20655	20723
3196	20656	20723
3197	20660	20723
3198	20660	20723
3199	20715	20753
3200	20715	20757
3201	20717	20766
3202	20717	20766
3203	20719	20767
3204	20720	20767
3205	20724	20769
3206	20724	20777
3207	20724	20782
3208	20725	20785
3209	20725	20785
3210	20725	20788
3211	20725	20799
3212	20732	20802
3213	20732	20803
3214	20733	20808
3215	20733	20808
3216	20733	20808
3217	20734	20813
3218	20734	20813
3219	20734	20813
3220	20734	20813
3221	20742	20818
3222	20742	20820
3223	20743	20820
3224	20746	20823
3225	20747	20823
3226	20747	20823
3227	20748	20825
3228	20750	20828
3229	20750	20828
3230	20750	20828
3231	20755	20831
3232	20757	20831
3233	20764	20831
3234	20773	20852
3235	20774	20852
3236	20774	20852
3237	20774	20852
3238	20775	20860
3239	20781	20871
3240	20801	20876
3241	20803	20876
3242	20814	20881
3243	20814	20881
3244	20814	20881
3245	20814	20883
3246	20814	20883
3247	20814	20883
3248	20814	20883
3249	20815	20883
3250	20815	20883
3251	20819	20885
3252	20819	20885
3253	20821	20887
3254	20859	20899
3255	20878	20904
3256	20880	20910
3257	20900	20935
3258	20900	20941
3259	20901	20944
3260	20904	20950
3261	20922	20974
3262	20922	20974
3263	20924	20975
3264	20924	20975
3265	20978	20988
3266	20989	21040
3267	20989	21040
3268	20989	21043
3269	20989	21044
3270	20996	21069
3271	21013	21079
3272	21014	21082
3273	21014	21082
3274	21016	21082
3275	21016	21082
3276	21024	21085
3277	21026	21086
3278	21026	21086
3279	21026	21089
3280	21029	21095
3281	21041	21095
3282	21042	21095
3283	21055	21097
3284	21056	21097
3285	21057	21097
3286	21096	21103
3287	21112	21132
3288	21112	21136
3289	21128	21139
3290	21128	21139
3291	21130	21139
3292	21140	21153
3293	21140	21153
3294	21155	21157
3295	21158	21164
3296	21158	21168
3297	21169	21200
3298	21201	21209
3299	21202	21209
3300	21211	21213
3301	21211	21214
3302	21215	21224
3303	21220	21228
3304	21225	21228
3305	21229	21233
3306	21229	21233
3307	21229	21233
3308	21234	21248
3309	21234	21251
3310	21247	21275
3311	21249	21275
3312	21276	21280
3313	21278	21280
3314	21281	21285
3315	21281	21286
3316	21288	21338
3317	21288	21338
3318	21288	21338
3319	21292	21340
3320	21340	21362
3321	21345	21362
3322	21363	21377
3323	21363	21378
3324	21366	21378
3325	21367	21378
3326	21369	21378
3327	21369	21378
3328	21370	21378
3329	21379	21387
3330	21379	21387
3331	21380	21387
3332	21388	21401
3333	21388	21401
3334	21405	21416
3335	21405	21416
3336	21425	21434
3337	21425	21436
3338	21490	21503
3339	21495	21512
3340	21503	21517
3341	21504	21524
3342	21513	21525
3343	21513	21525
3344	21527	21549
3345	21527	21560
3346	21540	21560
3347	21540	21560
3348	21561	21566
3349	21561	21566
3350	21566	21572
3351	21573	21601
3352	21573	21603
3353	21576	21605
3354	21576	21605
3355	21576	21605
3356	21582	21609
3357	21602	21613
3358	21610	21617
3359	21614	21617
3360	21618	21628
3361	21618	21629
3362	21621	21630
3363	21630	21662
3364	21631	21677
3365	21631	21677
3366	21663	21697
3367	21673	21709
3368	21685	21710
3369	21685	21710
3370	21685	21710
3371	21685	21710
3372	21718	21776
3373	21718	21776
3374	21718	21776
3375	21718	21776
3376	21718	21778
3377	21718	21778
3378	21718	21778
3379	21718	21778
3380	21718	21778
3381	21779	21794
3382	21795	21847
3383	21795	21850
3384	21795	21853
3385	21805	21883
3386	21809	21897
3387	21809	21897
3388	21819	21904
3389	21819	21904
3390	21841	21910
3391	21911	21972
3392	21913	21972
3393	21913	21984
3394	21913	21984
3395	21913	21986
3396	21932	21991
3397	21966	21993
3398	21976	22004
3399	21987	22005
3400	22006	22009
3401	22028	22039
3402	22028	22039
3403	22028	22039
3404	22038	22047
3405	22048	22076
3406	22050	22076
3407	22075	22094
3408	22075	22094
3409	22095	22127
3410	22095	22127
3411	22098	22128
3412	22128	22131
3413	22132	22147
3414	22132	22148
3415	22132	22148
3416	22158	22170
3417	22158	22170
3418	22161	22182
3419	22163	22186
3420	22180	22195
3421	22183	22195
3422	22183	22195
3423	22183	22195
3424	22183	22195
3425	22196	22205
3426	22196	22205
3427	22208	22222
3428	22208	22235
3429	22209	22239
3430	22212	22246
3431	22212	22246
3432	22215	22248
3433	22221	22248
3434	22221	22248
3435	22223	22248
3436	22223	22248
3437	22267	22292
3438	22293	22308
3439	22295	22311
3440	22295	22311
3441	22295	22311
3442	22312	22318
3443	22312	22321
3444	22313	22325
3445	22316	22328
3446	22316	22328
3447	22330	22338
3448	22333	22343
3449	22334	22343
3450	22334	22343
3451	22334	22343
3452	22344	22351
3453	22344	22366
3454	22344	22375
3455	22344	22375
3456	22344	22375
3457	22376	22397
3458	22376	22397
3459	22376	22397
3460	22376	22401
3461	22376	22401
3462	22376	22401
3463	22376	22402
3464	22398	22408
3465	22398	22408
3466	22411	22426
3467	22411	22426
3468	22415	22426
3469	22427	22434
3470	22427	22436
3471	22427	22436
3472	22434	22449
3473	22435	22449
3474	22435	22452
3475	22437	22452
3476	22437	22452
3477	22438	22453
3478	22450	22455
3479	22453	22457
3480	22453	22457
3481	22454	22459
3482	22459	22460
3483	22460	22468
3484	22460	22470
3485	22460	22478
3486	22466	22494
3487	22466	22496
3488	22466	22496
3489	22466	22496
3490	22466	22497
3491	22469	22524
3492	22469	22524
3493	22470	22525
3494	22470	22533
3495	22479	22534
3496	22481	22534
3497	22481	22534
3498	22481	22534
3499	22482	22540
3500	22485	22544
3501	22513	22567
3502	22546	22571
3503	22571	22580
3504	22572	22592
3505	22572	22608
3506	22584	22616
3507	22584	22616
3508	22613	22620
3509	22623	22628
3510	22631	22638
3511	22631	22638
3512	22640	22650
3513	22640	22650
3514	22640	22650
3515	22640	22650
3516	22646	22650
3517	22655	22671
3518	22655	22671
3519	22664	22694
3520	22664	22695
3521	22664	22695
3522	22664	22695
3523	22664	22695
3524	22664	22695
3525	22668	22699
3526	22695	22716
3527	22699	22716
3528	22719	22735
3529	22719	22738
3530	22719	22739
3531	22719	22739
3532	22719	22739
3533	22740	22753
3534	22745	22773
3535	22745	22773
3536	22745	22773
3537	22745	22773
3538	22746	22773
3539	22754	22779
3540	22760	22780
3541	22774	22782
3542	22779	22784
3543	22783	22796
3544	22783	22796
3545	22797	22802
3546	22803	22831
3547	22803	22835
3548	22804	22860
3549	22808	22863
3550	22808	22866
3551	22823	22877
3552	22828	22877
3553	22830	22878
3554	22832	22880
3555	22833	22881
3556	22836	22883
3557	22836	22883
3558	22837	22883
3559	22887	22907
3560	22887	22907
3561	22908	22933
3562	22908	22933
3563	22908	22933
3564	22908	22933
3565	22934	22944
3566	22964	22973
3567	22974	23003
3568	22986	23008
3569	23004	23038
3570	23009	23041
3571	23009	23041
3572	23009	23041
3573	23011	23046
3574	23013	23046
3575	23055	23058
3576	23055	23058
3577	23059	23089
3578	23059	23089
3579	23061	23096
3580	23069	23101
3581	23070	23101
3582	23070	23101
3583	23072	23101
3584	23072	23101
3585	23072	23101
3586	23072	23101
3587	23076	23101
3588	23077	23101
3589	23102	23110
3590	23103	23115
3591	23105	23121
3592	23111	23145
3593	23116	23149
3594	23116	23152
3595	23118	23155
3596	23118	23155
3597	23122	23173
3598	23122	23174
3599	23124	23191
3600	23128	23194
3601	23139	23194
3602	23139	23194
3603	23139	23194
3604	23190	23202
3605	23208	23235
3606	23208	23241
3607	23208	23249
3608	23208	23249
3609	23209	23249
3610	23210	23249
3611	23215	23249
3612	23255	23286
3613	23261	23286
3614	23261	23286
3615	23263	23286
3616	23288	23297
3617	23288	23297
3618	23306	23321
3619	23306	23321
3620	23322	23332
3621	23374	23377
3622	23378	23397
3623	23378	23397
3624	23378	23399
3625	23378	23399
3626	23378	23399
3627	23389	23414
3628	23400	23423
3629	23400	23423
3630	23424	23437
3631	23424	23439
3632	23456	23459
3633	23456	23459
3634	23456	23459
3635	23456	23459
3636	23456	23459
3637	23457	23459
3638	23460	23464
3639	23468	23478
3640	23476	23494
3641	23493	23508
3642	23495	23508
3643	23509	23515
3644	23517	23523
3645	23517	23525
3646	23522	23525
3647	23522	23525
3648	23526	23526
3649	23526	23531
3650	23527	23550
3651	23527	23551
3652	23527	23551
3653	23527	23551
3654	23527	23551
3655	23528	23551
3656	23552	23567
3657	23553	23584
3658	23553	23584
3659	23554	23584
3660	23585	23624
3661	23585	23624
3662	23585	23626
3663	23585	23626
3664	23585	23626
3665	23585	23627
3666	23586	23641
3667	23614	23652
3668	23627	23663
3669	23627	23663
3670	23627	23666
3671	23629	23666
3672	23643	23667
3673	23667	23671
3674	23667	23671
3675	23672	23678
3676	23679	23684
3677	23679	23691
3678	23700	23706
3679	23700	23706
3680	23705	23715
3681	23707	23715
3682	23707	23715
3683	23716	23735
3684	23716	23735
3685	23716	23740
3686	23716	23740
3687	23733	23765
3688	23771	23786
3689	23804	23805
3690	23806	23818
3691	23806	23821
3692	23810	23831
3693	23832	23866
3694	23832	23866
3695	23867	23911
3696	23867	23911
3697	23867	23928
3698	23871	23943
3699	23872	23954
3700	23881	23958
3701	23905	23965
3702	23907	23965
3703	23908	23965
3704	23918	23965
3705	23926	23965
3706	23930	23965
3707	23975	23985
3708	23976	23986
3709	23987	24015
3710	23987	24015
3711	24000	24033
3712	24004	24034
3713	24014	24034
3714	24016	24034
3715	24016	24034
3716	24016	24034
3717	24048	24056
3718	24048	24056
3719	24048	24056
3720	24048	24056
3721	24057	24057
3722	24058	24068
3723	0	0
3724	24089	24095
3725	24096	24111
3726	24096	24117
3727	24096	24118
3728	24097	24118
3729	24097	24118
3730	24097	24122
3731	24101	24132
3732	24117	24140
3733	24117	24144
3734	24117	24148
3735	24119	24161
3736	24119	24161
3737	24125	24167
3738	24126	24168
3739	24126	24168
3740	24126	24168
3741	24138	24194
3742	24138	24203
3743	24140	24210
3744	24167	24223
3745	24167	24226
3746	24167	24226
3747	24169	24228
3748	24230	24248
3749	24230	24248
3750	24230	24248
3751	24230	24248
3752	24247	24261
3753	24262	24276
3754	24262	24276
3755	24277	24279
3756	24280	24292
3757	24280	24292
3758	24280	24292
3759	24293	24296
3760	24296	24301
3761	24296	24301
3762	24302	24314
3763	24302	24314
3764	24302	24314
3765	24315	24319
3766	24320	24329
3767	24330	24356
3768	24330	24357
3769	24369	24399
3770	24376	24400
3771	24380	24404
3772	24380	24404
3773	24382	24407
3774	24401	24416
3775	24417	24447
3776	24419	24447
3777	24429	24455
3778	24430	24457
3779	24431	24469
3780	24440	24472
3781	24442	24473
3782	24442	24473
3783	24448	24474
3784	24457	24485
3785	24470	24493
3786	24497	24500
3787	24498	24508
3788	24498	24509
3789	24511	24524
3790	24511	24535
3791	24511	24535
3792	24534	24561
3793	24536	24567
3794	24536	24567
3795	24536	24570
3796	24562	24585
3797	24565	24585
3798	24565	24585
3799	24565	24585
3800	24565	24585
3801	24575	24588
3802	24576	24588
3803	24580	24588
3804	24592	24620
3805	24592	24622
3806	24592	24622
3807	24592	24622
3808	24592	24623
3809	24592	24623
3810	24615	24628
3811	24620	24636
3812	24628	24671
3813	24629	24674
3814	24629	24674
3815	24638	24683
3816	24638	24683
3817	24651	24685
3818	24651	24685
3819	24651	24685
3820	24684	24713
3821	24686	24747
3822	24687	24756
3823	24689	24756
3824	24690	24757
3825	24691	24760
3826	24692	24767
3827	24693	24769
3828	24701	24775
3829	24703	24775
3830	24709	24786
3831	24710	24786
3832	24732	24802
3833	24735	24804
3834	24735	24804
3835	24751	24806
3836	24786	24826
3837	24799	24837
3838	24799	24837
3839	24805	24837
3840	24807	24838
3841	24833	24863
3842	24838	24874
3843	24839	24891
3844	24839	24892
3845	24843	24906
3846	24907	24963
3847	24907	24989
3848	24912	25010
3849	24912	25010
3850	24915	25010
3851	24926	25010
3852	24926	25010
3853	24926	25010
3854	24926	25010
3855	24928	25010
3856	24929	25010
3857	24941	25010
3858	25011	25022
3859	25023	25030
3860	25023	25030
3861	25023	25030
3862	25046	25065
3863	25046	25065
3864	25066	25082
3865	25066	25082
3866	25066	25082
3867	25066	25082
3868	25083	25092
3869	25083	25095
3870	25083	25095
3871	25083	25095
3872	25083	25095
3873	25083	25098
3874	25083	25098
3875	25083	25098
3876	25083	25098
3877	25083	25104
3878	25086	25104
3879	25097	25109
3880	25106	25118
3881	25106	25118
3882	25106	25119
3883	25122	25131
3884	25122	25131
3885	25132	25149
3886	25132	25149
3887	25132	25149
3888	25132	25149
3889	25132	25149
3890	25161	25176
3891	25177	25248
3892	25177	25249
3893	25177	25249
3894	25229	25250
3895	25229	25250
3896	25229	25250
3897	25233	25250
3898	25252	25254
3899	25252	25255
3900	25256	25271
3901	25256	25274
3902	25256	25274
3903	25257	25276
3904	25258	25280
3905	25258	25280
3906	25259	25285
3907	25267	25303
3908	25268	25303
3909	25268	25303
3910	25272	25303
3911	25272	25303
3912	25272	25304
3913	25275	25305
3914	25275	25305
3915	25306	25307
3916	25308	25321
3917	25308	25322
3918	25308	25322
3919	25308	25324
3920	25316	25325
3921	25316	25325
3922	25321	25328
3923	25329	25339
3924	25340	25343
3925	25340	25344
3926	25355	25365
3927	25355	25365
3928	25355	25372
3929	25355	25372
3930	25358	25374
3931	25362	25374
3932	25362	25374
3933	25366	25376
3934	25366	25376
3935	25375	25381
3936	25377	25387
3937	25378	25388
3938	25390	25392
3939	25391	25400
3940	25406	25412
3941	25406	25412
3942	25410	25412
3943	25417	25431
3944	25417	25431
3945	25417	25431
3946	25417	25433
3947	25429	25442
3948	25432	25448
3949	25432	25448
3950	25434	25448
3951	25435	25448
3952	25435	25448
3953	25436	25448
3954	25436	25448
3955	25436	25448
3956	25449	25453
3957	25449	25454
3958	25455	25461
3959	25455	25461
3960	25455	25461
3961	25462	25467
3962	25471	25477
3963	25478	25483
3964	25478	25497
3965	25481	25507
3966	25484	25510
3967	25484	25512
3968	25486	25512
3969	25486	25512
3970	25487	25512
3971	25487	25512
3972	25513	25518
3973	25513	25518
3974	25513	25518
3975	25519	25539
3976	25519	25539
3977	25519	25539
3978	25519	25539
3979	25525	25547
3980	25539	25550
3981	25540	25551
3982	25550	25556
3983	25551	25570
3984	25552	25570
3985	25557	25571
3986	25557	25571
3987	25571	25576
3988	25572	25576
3989	25577	25577
3990	25579	25582
3991	25582	25584
3992	25583	25589
3993	25585	25591
3994	25592	25623
3995	25592	25629
3996	25592	25630
3997	25595	25630
3998	25596	25630
3999	25596	25632
4000	25596	25632
4001	25596	25632
4002	25596	25632
4003	25598	25632
4004	25598	25632
4005	25599	25633
4006	25610	25633
